13428746660121024361430819249959776624408095340313962504473599117872120282224556338017385055789697724222912
222377873140536432722115082753274123902104056592348132221049029381469917404166292987609748981268961392501275
1416820937302340973326603125879403261828274141915650536613176438380184658781076980467643120481793030542645869
222377873140536432722115082753274123902104056592348132221049029381469917404166292987609748981268961392501275
1384090642812520645260132874733750398928105161776272144562501621594845147638152219596415317873916045580935331
1728252864586365774394369523260742028890253907750880171434880726451579923960388352582575838642282710609256126
1672988453204632895663084221254043988006237544792904699543312846044638488656932809418130044543269114713317379
116331525069297820138860291668526580266092852446953488982178299014883207654097578096440066007540782859613162
1527463840426856163520125738494628871246575312289033751338963877049012941339042494485374546834485482863049819
222377873140536432722115082753274123902104056592348132221049029381469917404166292987609748981268961392501275
1405966626552367140083213004045864305924024176339872720805219616552112444481178707671115601501274321495996708
1231125046928501367095717358793925782186288932594861607211544299316032802877443428923751731413176573070129854
222377873140536432722115082753274123902104056592348132221049029381469917404166292987609748981268961392501275
531569937117458285968816651472460892688454560022349741778892694323648586897137636343564838817230494984066041
1384090642812520645260132874733750398928105161776272144562501621594845147638152219596415317873916045580935331
1039743059007173970083972771730809173917692097335481131263796742992881275109317106635151501111848503702853855
222377873140536432722115082753274123902104056592348132221049029381469917404166292987609748981268961392501275
1194895136806102675691422567789610568613253973448091539196752595100242576875437021555514446688769666821547407
1146474984743729892296460581365344344668569248776050327074971784257320686389161312441129962588061049304363799
1176448062686265899587276959852470545741246577150661975950463767222148131878977331748910709718558999479606399
116331525069297820138860291668526580266092852446953488982178299014883207654097578096440066007540782859613162
1384090642812520645260132874733750398928105161776272144562501621594845147638152219596415317873916045580935331
855423933101796647441910086168687937884551667102390557604802189864979780951079368361928965393738683783476449
1344124213031892015964248594092247893925804621781703756299672147088307917145434266965108314472335534888958568
1344124213031892015964248594092247893925804621781703756299672147088307917145434266965108314472335534888958568
1146474984743729892296460581365344344668569248776050327074971784257320686389161312441129962588061049304363799
1231125046928501367095717358793925782186288932594861607211544299316032802877443428923751731413176573070129854
1672988453204632895663084221254043988006237544792904699543312846044638488656932809418130044543269114713317379
531569937117458285968816651472460892688454560022349741778892694323648586897137636343564838817230494984066041
1384090642812520645260132874733750398928105161776272144562501621594845147638152219596415317873916045580935331
396545956026976655273726708865681413723098997772101312616010741895791826048752359479314984864305725052845155
222377873140536432722115082753274123902104056592348132221049029381469917404166292987609748981268961392501275
1527463840426856163520125738494628871246575312289033751338963877049012941339042494485374546834485482863049819
222377873140536432722115082753274123902104056592348132221049029381469917404166292987609748981268961392501275
1384090642812520645260132874733750398928105161776272144562501621594845147638152219596415317873916045580935331
13428746660121024361430819249959776624408095340313962504473599117872120282224556338017385055789697724222912
1672988453204632895663084221254043988006237544792904699543312846044638488656932809418130044543269114713317379
116331525069297820138860291668526580266092852446953488982178299014883207654097578096440066007540782859613162
1176448062686265899587276959852470545741246577150661975950463767222148131878977331748910709718558999479606399
116331525069297820138860291668526580266092852446953488982178299014883207654097578096440066007540782859613162
732406880001352123406416438964254119884798532453090856298279139991742257899866397804789632993239809344827767
1384090642812520645260132874733750398928105161776272144562501621594845147638152219596415317873916045580935331
1215919766965438864819442050371121808904661614315436783611587247788077537230849638484476829964186553368389121
668494764761031250933884884726090164819588837019622767121223939757511280781413940576508833473496222969486417
1384090642812520645260132874733750398928105161776272144562501621594845147638152219596415317873916045580935331
1382433963520653821865180515945076085507561016265969880337753958679626774407643667973090444369688176551485807
1672988453204632895663084221254043988006237544792904699543312846044638488656932809418130044543269114713317379
855423933101796647441910086168687937884551667102390557604802189864979780951079368361928965393738683783476449
531569937117458285968816651472460892688454560022349741778892694323648586897137636343564838817230494984066041
769476091799089391823239118863621019391450406373252335936372029772015425715862500512071280122785481365241695
222377873140536432722115082753274123902104056592348132221049029381469917404166292987609748981268961392501275
531569937117458285968816651472460892688454560022349741778892694323648586897137636343564838817230494984066041
1176448062686265899587276959852470545741246577150661975950463767222148131878977331748910709718558999479606399
1384090642812520645260132874733750398928105161776272144562501621594845147638152219596415317873916045580935331
1215919766965438864819442050371121808904661614315436783611587247788077537230849638484476829964186553368389121
741608378054923230603281418842521390765739572662800071058674624909699185030199504457096689807226565645874384
1215919766965438864819442050371121808904661614315436783611587247788077537230849638484476829964186553368389121
1215919766965438864819442050371121808904661614315436783611587247788077537230849638484476829964186553368389121
